Name         Age Nat St Tk Ps Sh Ag KAb TAb PAb SAb Gam Sub  Min Mom Sav Con Ktk Kps Sht Gls Ass  DP Inj Sus
------------------------------------------------------------------------------------------------------------
I_Buttar      18 gha 16  1  1  1 31 708 612 612 612   2   0   99   0   3   1   0   0   0   0   0   0   0   0
B_Turfitt     16 xxx 14  1  1  1 34 296 324 324 324   2   1  183   0   5   5   0   0   0   0   0   0   0   0
U_Bunday      19 ivo  1 18  9 12 46 756 106 345 775   2   0  148   0   0   0   0   0   2   0   0  10   0   0
O_Mulhare     18 nir  1 17  8 11  8 576  40 899 686   3   0  282   0   0   0   2   2   2   0   0   0   0   0
D_Dutrau      19 fra  1 16  3  4 12 468 599  92 484   3   2  183   0   0   0   4   0   0   0   0   0   0   0
P_Sumney      18 xxx  1 16  3  7  8 324 565 376 870   3   0  221   0   0   0   4   0   0   0   0   0   0   0
S_Luschak     17 xxx  1 15  3  3 34 324 409 319 915   3   0  223   0   0   0   6   0   0   0   0   0   0   0
P_Twomey      17 xxx  1 14  5  1 22 324 605 359 847   1   1   29   0   0   0   0   0   0   0   0   0   0   0
H_Xuereb      16 xxx  1 13  6  5 50 324 477 305 353   1   0   92   0   0   0   2   0   1   0   0   0   0   0
I_Overland    19 nir  1 11 18  7 15 468 768 157 598   1   0    8   0   0   0   0   0   0   0   0   0   1   0
C_Munder      19 IRE  1  5 17  5 13 468 499 535  67   3   0  282   0   0   0   1   6   0   0   0   0   0   0
P_Awde        18 tog  1  4 17  7 54 468  54  61 603   3   0  207   0   0   0   0   2   2   0   0   0   0   0
D_Szpek       18 rus  1  4 16  8 31 612 582 958 823   3   3  162   0   0   0   0   2   0   0   0   0   0   0
D_Guice       18 fra  1  4 16 13 13 576 525 840 829   2   0  187   0   0   0   1   5   0   0   0   3   0   0
H_Purkis      18 nzl  1  8 15  7 64 468 519 913 258   2   0  190   0   0   0   4   3   1   0   0   0   0   0
K_June        17 eng  1 10 14  3  9 468 517 510  42   1   0   92   1   0   0   2   2   0   0   1   0   0   0
E_Eustler     17 xxx  1  6 14 12 26 324 356 296 313   0   0    0   0   0   0   0   0   0   0   0   0   0   0
M_Plumlee     19 eng  1 13  2 18 42 612 911 517 110   3   0  282   0   0   0   1   0   6   1   0   0   0   0
C_Broadbent   18 eng  1  2  8 17 24 388 600  34 576   2   0  166   0   0   0   0   0   5   0   0   0   0   0
H_Worthing    17 eng  1  2 10 15 14 468 533 668 645   1   1   24   0   0   0   0   0   0   0   0   0   0   0
