Name         Age Nat St Tk Ps Sh Ag KAb TAb PAb SAb Gam Sub  Min Mom Sav Con Ktk Kps Sht Gls Ass  DP Inj Sus
------------------------------------------------------------------------------------------------------------
D_Kitai       26 bel 26  1  1  1 31 970 444 444 444   0   0    0   0   0   0   0   0   0   0   0   0   0   0
V_Bighands    33 usa 22  1  1  1 22 389 644 644 644   0   0    0   0   0   0   0   0   0   0   0   0   0   0
J_Lossl       22 den 20  1  1  1 27 852 858 858 858   0   0    0   0   0   0   0   0   0   0   0   0   0   0
O_Cage        31 eng  2 27 16  6  8 898 902 220 407   0   0    0   0   0   0   0   0   0   0   0   0   0   0
H_Webb        32 eng  2 26 12 17 15 273 214 503 305   0   0    0   0   0   0   0   0   0   0   0   0   0   0
Z_Dragon      25 swe  2 26  5 17  3  25  11 411 275   0   0    0   0   0   0   0   0   0   0   0   0   0   0
H_Redknapp    29 eng  2 26 16  7 17 661   5 457 462   0   0    0   0   0   0   0   0   0   0   0   0   0   0
E_Saponara    24 por  1 24 14  4  9 876 987 401 556   0   0    0   0   0   0   0   0   0   0   0   0   0   0
J_Egnatuk     24 gha  2 20  4 12 14 248 936 938 433   0   0    0   0   0   0   0   0   0   0   0   0   0   0
A_Beesler     24 eng  2 20  9  5 16 147 875 376 150   0   0    0   0   0   0   0   0   0   0   0   0   0   0
A_Marriner    28 eng  2 17 26  6 31  41 593 728 465   0   0    0   0   0   0   0   0   0   0   0   0   0   0
S_Yatsukawa   27 jap  1 12 26 19 20 876 713 399 229   0   0    0   0   0   0   0   0   0   0   0   0   0   0
F_Waken       25 eng  2  6 26 11 37  93 963 329 621   0   0    0   0   0   0   0   0   0   0   0   0   0   0
Pamukkale     29 tur  1  9 26 19 35 756 888  11 201   0   0    0   0   0   0   0   0   0   0   0   0   0   0
N_Pultz       25 aut  1 11 23  8 34 428 196 386 675   0   0    0   0   0   0   0   0   0   0   0   0   0   0
B_Lascari     20 por  1  8 16  3 24 696 777 787  81   0   0    0   0   0   0   0   0   0   0   0   0   0   0
A_Pupinapi    32 ind  2 11 14 27 35 785 117 509 273   0   0    0   0   0   0   0   0   0   0   0   0   0   0
S_Attwell     26 eng  1 20  2 24 24 822   9 869 763   0   0    0   0   0   0   0   0   0   0   0   0   0   0
G_String      31 tuv  2  4 10 23 37 931 780 536 907   0   0    0   0   0   0   0   0   0   0   0   0   0   0
C_D'Wan       20 usa  1  6  7 19 26 552 423 690 259   0   0    0   0   0   0   0   0   0   0   0   0   0   0
E_Bellin      20 wal  1  5  6 17 17 696  47 812 135   0   0    0   0   0   0   0   0   0   0   0   0   0   0
