Name         Age Nat St Tk Ps Sh Ag KAb TAb PAb SAb Gam Sub  Min Mom Sav Con Ktk Kps Sht Gls Ass  DP Inj Sus
------------------------------------------------------------------------------------------------------------
Y_Weems       26 usa 21  2  2  2  8 200 291 291 381  11   0 1044   0  59  22   0   0   0   0   0   0   0   0
V_Bechger     21 ger 20  1  1  1 10 758 846 846 846   1   1    4   0   0   0   0   0   0   0   0   0   0   0
N_Pushard     20 mlt 16  1  1  1 69  56 660 660 660   0   0    0   0   0   0   0   0   0   0   0   0   0   0
J_B_Rebel     30 eng  2 24 17  6 49 794 254 344 561  11   0 1048   1   0   0  13  14   6   0   0   0   0   0
E_Tackleberry 31 usa  2 23 14 10 36 998 813  12 346  10   0  869   1   0   0  11   7   8   1   1  10   0   0
G_Floyd       31 can  2 23 11  8 37 518 762 819 938  10   0  946   0   0   0  12   7   4   0   1  16   0   0
D_Grayson     24 usa  2 22 19  5 19 129 360 339 613   8   0  766   0   0   0   5   6   5   0   1   3   0   0
S_Hill        24 eng  1 22  3 11  9 552 935 602 698   2   1  148   0   0   0   0   0   1   0   0   0   0   0
U_van_Rommel  32 ger  2 21  6 15  9 627 137 823 261   4   0  325   0   0   0  11   2   3   0   0   0   0   0
C_Mayhall     20 aus  1 20  5  9 25 750 729 986 382   0   0    0   0   0   0   0   0   0   0   0   0   0   0
E_Rumler      20 ire  1 18 11  6 54 642 859 632 615   0   0    0   0   0   0   0   0   0   0   0   0   0   0
X_Surplice    20 sen  1 17  6 10 46 534 272 265 919   0   0    0   0   0   0   0   0   0   0   0   0   0   0
C_Auvenshine  20 usa  1 16  6  4 26 534 966 140 562   0   0    0   0   0   0   0   0   0   0   0   0   0   0
Sideshow_Bob  30 usa  2 20 25  5 18 589 966  54 381  11   0  993   1   0   0   8  20   3   0   2   0   0   0
G_Cogdon      28 eng  1  1 25 20 15 966 914 414 911  11   0 1048   0   0   0   0  13  22   2   3   0   0   0
T_C_Pattison  24 eng  2 16 24  7 12 237 972 543 894   9   0  791   0   0   0   6  15   7   0   1   0   1   0
A_Peacock     23 eng  2  7 23 21 11  75 500 423 199  11   0 1048   1   0   0   3  27  11   2   1   0   0   0
S_Eriksson    26 swe  2 17 22  6 51 225 875 770 603   5   3  312   0   0   0   2   6   3   1   0   0   0   0
U_Seric       30 cro  2  9 21 15 25 445  38 737 539   0   0    0   0   0   0   0   0   0   0   0   0   0   0
Y_Schwerman   23 ger  1  9 21 14 21 948  60 806 230   0   0    0   0   0   0   0   0   0   0   0   0   0   0
X_Pawley      22 wal  1  7 21 14 10 858  15 510 169   0   0    0   0   0   0   0   0   0   0   0   0   0   0
F_Cutchen     20 ire  1  4 19  9 12 642 248 345 298   0   0    0   0   0   0   0   0   0   0   0   0   0   0
T_Kellsey     20 gha  1  7 17 12 19 750 825 479 272   0   0    0   0   0   0   0   0   0   0   0   0   0   0
Brian_Cohen   31 isr  1  2 10 25 39 708 695 644  78  11   0  981   0   0   0   1   5  33   6   0   3   0   0
J_Oker        25 den  2  6 11 23 15  93 953 815 432  11   0 1048   0   0   0   4   7  26   2   0   9   0   0
B_Schuerer    22 ger  1 11  7 21 12 786 969 332 103   1   1   67   0   0   0   0   1   1   0   0   0   0   0
T_Tunnah      21 gha  1  5  8 20 41 642 562 289 609   0   0    0   0   0   0   0   0   0   0   0   0   0   0
B_Wig         20 eng  1 10 14 20 14 690 663 969 667   0   0    0   0   0   0   0   0   0   0   0   0   0   0
U_Castagna    21 spa  1 13 10 19 17 750 366 109 696   0   0    0   0   0   0   0   0   0   0   0   0   0   0
M_Kunschik    20 rus  1  5  8 18 15 534 244 974 197   0   0    0   0   0   0   0   0   0   0   0   0   0   0
