N_Kugel       20 ger 16  1  1  1 20 764 678 678 678   0   0    0   0   0   0   0   0   0   0   0   0   0   0
G_Swanstrom   20 aus 16  1  1  1 17 579 678 678 678   0   0    0   0   0   0   0   0   0   0   0   0   0   0
T_Rutz        20 bol 16  1  1  1 34 545 504 504 504   0   0    0   0   0   0   0   0   0   0   0   0   0   0
M_Albertson   20 saf 16  1  1  1 14 786 786 786 786   0   0    0   0   0   0   0   0   0   0   0   0   0   0
T_Rumans      20 nir 16  1  1  1  8 723 624 624 624   0   0    0   0   0   0   0   0   0   0   0   0   0   0
E_Summe       20 spa 15  1  1  1  8 699 606 606 606   0   0    0   0   0   0   0   0   0   0   0   0   0   0
I_Buratti     20 ita 15  1  1  1 15 731 588 588 588   0   0    0   0   0   0   0   0   0   0   0   0   0   0
J_Overend     20 wal 15  1  1  1 36 905 732 732 732   0   0    0   0   0   0   0   0   0   0   0   0   0   0
A_Cazzell     20 can 15  1  1  1 13 763 797 797 797   0   0    0   0   0   0   0   0   0   0   0   0   0   0
E_Ausbrooks   20 aus  1 17  4 10 41 480 687 381 355   0   0    0   0   0   0   0   0   0   0   0   0   0   0
W_Huskisson   20 fin  1 17  6 12 12 588   9 611 508   0   0    0   0   0   0   0   0   0   0   0   0   0   0
P_Kussmaul    20 nor  1 17  9  5 10 516 886 852 538   0   0    0   0   0   0   0   0   0   0   0   0   0   0
A_Szarowicz   20 swi  1 17  8  6  8 696 408 638 178   0   0    0   0   0   0   0   0   0   0   0   0   0   0
O_Beiring     20 swe  1 16  4 11 59 876 913 903 849   0   0    0   0   0   0   0   0   0   0   0   0   0   0
I_Georges     20 eng  1 15  9  5  9 678 826 400 613   0   0    0   0   0   0   0   0   0   0   0   0   0   0
N_Buhr        19 eng  1 11  4  3 16 300 334 906 102   0   0    0   0   0   0   0   0   0   0   0   0   0   0
P_Yule        20 eng  1 13 17  5 22 588 377 543 104   0   0    0   0   0   0   0   0   0   0   0   0   0   0
Q_Hasenfelt   20 usa  1  4 17  9 46 714 486 135  28   0   0    0   0   0   0   0   0   0   0   0   0   0   0
H_Ryttergods  20 usa  1  7 17  4 28 606 610  36 122   0   0    0   0   0   0   0   0   0   0   0   0   0   0
O_Moziy       20 uae  1  8 17  6 11 552 794 193 145   0   0    0   0   0   0   0   0   0   0   0   0   0   0
Q_Burcham     20 sco  1  6 16 10 44 588 390 849 541   0   0    0   0   0   0   0   0   0   0   0   0   0   0
S_Gonzalez    20 mex  1  3 16 11 10 534 327 737 405   0   0    0   0   0   0   0   0   0   0   0   0   0   0
O_Wedgbury    20 aus  1  4 15  8  8 678 746 970 939   0   0    0   0   0   0   0   0   0   0   0   0   0   0
J_Cunerty     20 ire  1  4 15  7 10 480 254 720 310   0   0    0   0   0   0   0   0   0   0   0   0   0   0
W_Cutshaw     20 ire  1  9 11 17 30 588 611 595 163   0   0    0   0   0   0   0   0   0   0   0   0   0   0
L_Lapratte    20 fra  1  5  7 17 21 876 834 487 155   0   0    0   0   0   0   0   0   0   0   0   0   0   0
W_Bunch       20 jam  1  3  6 17 30 570 804 735 739   0   0    0   0   0   0   0   0   0   0   0   0   0   0
P_Marrison    20 eng  1  9  6 17 19 840 890 862 269   0   0    0   0   0   0   0   0   0   0   0   0   0   0
M_Gerhart     20 ger  1 12  6 16 16 768 756  25 896   0   0    0   0   0   0   0   0   0   0   0   0   0   0
H_Fuselier    20 ger  1  7  4 16 37 552  93 509 530   0   0    0   0   0   0   0   0   0   0   0   0   0   0
H_Bishop      20 aus  1 14  4 15 50 766 606 462 458   0   0    0   0   0   0   0   0   0   0   0   0   0   0
F_Casumpang   20 jap  1  8  5 15 60 714 715 595 770   0   0    0   0   0   0   0   0   0   0   0   0   0   0