Name         Age Nat St Tk Ps Sh Ag KAb TAb PAb SAb Gam Sub  Min Mom Sav Con Ktk Kps Sht Gls Ass  DP Inj Sus
------------------------------------------------------------------------------------------------------------
N_Swalwell    19 sco 17  1  1  1 10 916 552 552 552   0   0    0   0   0   0   0   0   0   0   0   0   0   0
N_Kugel       19 ger 15  1  1  1 20 516 552 552 552   0   0    0   0   0   0   0   0   0   0   0   0   0   0
X_Avirett     19 fra  1 18  8  7 12 552 207 600 575   0   0    0   0   0   0   0   0   0   0   0   0   0   0
T_Kuehne      19 ger  1 16  3  7 30 492 507 315 506   0   0    0   0   0   0   0   0   0   0   0   0   0   0
U_Swilley     18 xxx  1 16  3  4 32 300 489 724 183   0   0    0   0   0   0   0   0   0   0   0   0   0   0
C_Aye         19 sco  1 15  4  7 55 426 503 974 817   0   0    0   0   0   0   0   0   0   0   0   0   0   0
T_Frood       18 xxx  1 14  3  5 30 300 115 257 378   0   0    0   0   0   0   0   0   0   0   0   0   0   0
B_Maack       17 xxx  1 13  5  4 14 300 222 430 469   0   0    0   0   0   0   0   0   0   0   0   0   0   0
Q_Iuliano     16 xxx  1 12  3  8 24 300 403 124 682   0   0    0   0   0   0   0   0   0   0   0   0   0   0
M_Peneau      19 BOL  1  7 16  5 44 660  48 850  81   0   0    0   0   0   0   0   0   0   0   0   0   0   0
N_Dziedzicki  17 xxx  1  6 15  2 68 300 208 140 222   0   0    0   0   0   0   0   0   0   0   0   0   0   0
M_Gulledge    17 xxx  1  2 15  5 23 300 338 117 296   0   0    0   0   0   0   0   0   0   0   0   0   0   0
W_Evy         17 xxx  1  8 15  2 23 300 400 442 199   0   0    0   0   0   0   0   0   0   0   0   0   0   0
X_Evagash     18 gha  1  3 13  6  9 552 331 781 494   0   0    0   0   0   0   0   0   0   0   0   0   0   0
R_Guido       17 por  1  8 13  3 10 426 494 725  15   0   0    0   0   0   0   0   0   0   0   0   0   0   0
F_Puder       16 xxx  1  3 13  6 11 300 323 509 126   0   0    0   0   0   0   0   0   0   0   0   0   0   0
N_Moxley      17 eng  1  4  2 16 26 426 290 780 153   0   0    0   0   0   0   0   0   0   0   0   0   0   0
J_Benoliel    19 spa  1 10  6 15  9 660  87 464 608   0   0    0   0   0   0   0   0   0   0   0   0   0   0
N_Burgmans    17 xxx  1  3  2 15 23 300 780 466 194   0   0    0   0   0   0   0   0   0   0   0   0   0   0
C_Wrinkles    18 xxx  1 13  4 14 20 300 186 488 105   0   0    0   0   0   0   0   0   0   0   0   0   0   0
