Name         Age Nat St Tk Ps Sh Ag KAb TAb PAb SAb Gam Sub  Min Mom Sav Con Ktk Kps Sht Gls Ass  DP Inj Sus
------------------------------------------------------------------------------------------------------------
T_Rumsower    18 uas 17  1  1  1 27 262 414 414 414   5   0  468   0  20   9   0   0   0   0   0   3   0   0
U_Kurkowski   18 cze 16  1  1  1 11  33 618 618 618   0   0    0   0   0   0   0   0   0   0   0   0   0   0
R_Dublin      19 ire  1 19  9 12 17 726 836 271 602  18   0 1696   3   0   0  23  12  27   3   1   9   0   0
X_Edrington   19 nze  1 19  8  6  8 726 454 907 558  18   0 1646   0   0   0  13   3  14   0   0   0   0   0
A_Izzett      19 eng  1 19 10  3 12 618 355 576 217  18   0 1696   1   0   0  32  10   4   1   1   3   0   0
U_Sundberg    18 den  1 17  6  5 10 618 991 990 453  18   0 1615   0   0   0  23   6   7   0   0   0   0   0
P_Cutrona     17 mex  1 15  6  5  8 402 560 188 725   3   3  212   0   0   0   1   0   0   0   0   0   0   0
G_Ryttergods  18 usa  1 15  7  4 25 402 503 772 885   1   1   50   0   0   0   0   0   0   0   0   0   0   0
P_Gyles       17 ire  1 14 10  2 14 478  18  56 251   0   0    0   0   0   0   0   0   0   0   0   0   0   0
Iggyping      19 hkg  1  8 19 10  8 654 278 628 639  18   0 1696   2   0   0   4  44  22   3   3   0   0   0
R_Suppes      19 bol  1  3 19 10 28 636 157 315 827  18   0 1696   0   0   0   0  37  17   3   2   6   0   0
Kentavious    18 uru  1 10 19 13  5 528 658 296 611  16   0 1417   2   0   0   9  29  25   2   3   0   0   0
V_Lumpkin     19 usa  1  8 18  4 36 510 841 548 279   8   1  707   0   0   0   3  15   4   1   0   0   0   0
V_Burbeck     18 eng  1  4 18 16  8 510 532  95 118  18   0 1609   0   0   0   3  33  33   3   1   3   0   0
R_Worsfold    17 ire  1  9 16  3 41 402 810 322 671   1   0   57   0   0   0   0   1   0   0   0   0   0   0
Q_Hutchcraft  17 sco  1 11 15  3 40 510 482 842 335   0   0    0   0   0   0   0   0   0   0   0   0   0   0
R_Cunyus      17 sen  1  7 15  2 13 402 215 388 667   0   0    0   0   0   0   0   0   0   0   0   0   0   0
T_Felt        19 NIR  1  4  9 18 13 888 666 835 625  18   0 1696   0   0   0   3  11  45   9   0   3   0   0
Y_Yoshida     18 jap  1  7 10 17 25 546 716 841 513  13   1 1094   0   0   0   5   1  22   5   1   3   0   0
S_Lyerla      17 aus  1  2  4 16 19 402 770 248 339   2   2   73   0   0   0   0   1   1   0   0   0   0   0
