Quasimodo 27 fra 21 2 2 2 10 136 733 733 733
K_Beaty 22 eng 1 12 21 9 15 984 458 352 109
G_Jasnau 28 bol 2 22 4 8 11 449 314 496 377
M_Hasson 20 pak 1 4 7 20 14 748 994 972 160
H_Zdill 24 gha 1 15 22 5 45 960 623 418 542
U_Imbroll 21 sen 1 21 12 7 21 780 372 954
F_Marston 26 eng 2 23 7 4 29 158 154 512 189
J_DeRemer 29 fra 2 22 7 14 31 799 759 55 137
V_Darmanin 30 swe 2 23 6 13 9 885 775 432 497
Greg_ThePeg 18 aus 1 3 15 3 26 388 148 955 897
B_Southworth 19 aus 17 1 1 1 29 247 532 532 532
T_Miyamura 22 jap 1 10 20 4 63 893 115 83 710
