Name         Age Nat St Tk Ps Sh Ag KAb TAb PAb SAb Gam Sub  Min Mom Sav Con Ktk Kps Sht Gls Ass  DP Inj Sus
------------------------------------------------------------------------------------------------------------
P_Eustice     16 xxx 14  1  1  1 24 556 335 335 335   5   1  397   0  13   6   0   0   0   0   0   0   0   0
E_Ausbrooks   19 aus  1 16  4  9 41 425 839  15 683   3   0  196   0   0   0   5   0   1   0   0   3   0   0
G_Dunigan     18 xxx  1 16 11  5 51 335 244 665 476   7   0  616   2   0   0  12   7   4   0   1   0   0   0
A_Burross     18 xxx  1 16  6  5 11 335  46 616 374   9   0  821   0   0   0  10   4   6   1   0   0   0   0
G_Oyervides   17 mex  1 15  6  6 22 483 200 754  56   3   0  283   1   0   0   7   2   4   2   0   0   0   0
D_Murty       17 xxx  1 13  3  7 13 335  84 441 649   2   2   86   0   0   0   3   0   2   0   0   0   0   0
W_Gyger       17 xxx  1 13  4  6 21 335 102 667 838   3   3   98   0   0   0   1   1   0   0   0   0   0   0
S_Cyples      16 xxx  1 12  8  3 41 335 670 755 408   9   0  852   0   0   0   7   5   5   0   0   3   0   0
R_Wraith      17 xxx  1 11 10  4 29 335 631 712 370   9   0  852   1   0   0   5   8   7   1   1   0   0   0
K_Moynes      19 can  1  7 18  4 12 571  92 826 607   9   0  737   0   0   0   3   7   2   0   1   0   0   0
M_Lurette     19 FRA  1  7 17  4 12 425 700   8  82   9   3  545   0   0   0   1   7   2   1   0   0   0   0
L_Suvillaga   17 xxx  1  7 15  9 28 335  98 641 715   8   0  632   0   0   0   0   3   7   1   1  13   0   0
Po_Kurr       16 jap  1  5 14  4 20 335 594 621 393   8   0  746   0   0   0   4  10   2   0   1   0   0   0
O_Dungan      18 nzl  1  8 14 10 12 335 301 769 621   1   0   50   0   0   0   0   1   0   0   0   0   0   0
Y_Twombly     16 xxx  1  5 13  3 10 335 256 738 805   7   3  494   0   0   0   0   8   5   2   1   0   0   0
S_Wotruba     16 xxx  1  4 13  4 59 335 738 130 502   1   1   60   0   0   0   0   2   0   0   0   0   0   0
T_Kwolek      16 xxx  1  8 13  2 27 345  16 632 474   9   2  723   0   0   0   2  11   3   0   2   6   0   0
J_Byrn        16 xxx  1  6 13  3 25 345 780  87 877   2   2   75   0   0   0   0   1   0   0   0   0   0   0
A_Nuttall     19 sco  1  5  7 16 22 425 425 965 872   3   3   64   0   0   0   1   1   2   0   1   0   0   0
P_Rynne       18 xxx  1 13  6 16  9 335  54 325 818   9   0  687   1   0   0   4   2  13   3   0   0   0   0
M_Burtnett    16 xxx  1  5  5 14 19 335 711 936 105   3   3  101   0   0   0   0   0   9   4   0   0   0   0
H_Bishop      19 aus  1 13  4 14 50 711 799  86 696   1   0   57   0   0   0   1   0   2   0   0   0   0   0
M_Prue        17 xxx  1  7  5 14 10 335 368 726 765   1   1    9   0   0   0   1   0   0   0   0   0   0   0
