Name         Age Nat St Tk Ps Sh Ag KAb TAb PAb SAb Gam Sub  Min Mom Sav Con Ktk Kps Sht Gls Ass  DP Inj Sus
------------------------------------------------------------------------------------------------------------
G_Akin        19 nir 17  1  1  1 12 795 588 588 588   0   0    0   0   0   0   0   0   0   0   0   0   0   0
J_Ezell       19 nig 16  1  1  1 22 335 408 408 408   0   0    0   0   0   0   0   0   0   0   0   0   0   0
U_Rydall      18 sco 16  1  1  1 30 272 408 408 408   0   0    0   0   0   0   0   0   0   0   0   0   0   0
D_Typpo       17 usa 15  1  1  1  8 506 408 408 408   0   0    0   0   0   0   0   0   0   0   0   0   0   0
U_Svenson     19 swe  1 17 11  3 23 408 634  43 989   0   0    0   0   0   0   0   0   0   0   0   0   0   0
U_Aumend      18 uae  1 17  5 16 54 498  47 384 580   0   0    0   0   0   0   0   0   0   0   0   0   0   2
I_Georges     19 eng  1 14  8  5  9 588 629 290   1   0   0    0   0   0   0   0   0   0   0   0   0   0   0
Y_Puterbaugh  18 usa  1 14  6  4 14 408 424 208 700   0   0    0   0   0   0   0   0   0   0   0   0   0   0
E_Sebestyen   19 uru  1  8 18  4 17 588 665 488 890   0   0    0   0   0   0   0   0   0   0   0   0   0   0
N_Wotruba     19 pol  1  4 16  9 14 408 146 650 645   0   0    0   0   0   0   0   0   0   0   0   0   0   0
P_Yule        19 eng  1 12 16  4 22 498 108  40 455   0   0    0   0   0   0   0   0   0   0   0   0   0   0
Q_Burcham     19 sco  1  5 15  9 44 498 768 490 412   0   0    0   0   0   0   0   0   0   0   0   0   0   0
O_Wedgbury    19 aus  1  4 14  7  8 588 155 693 771   0   0    0   0   0   0   0   0   0   0   0   0   0   0
A_Burgan      18 eng  1  6  3 16 61 408 254 753 243   0   0    0   0   0   0   0   0   0   0   0   0   0   0
S_Buono       18 spa  1  4  5 13 16 498 438 461 510   0   0    0   0   0   0   0   0   0   0   0   0   0   0
