Name         Age Nat St Tk Ps Sh Ag KAb TAb PAb SAb Gam Sub  Min Mom Sav Con Ktk Kps Sht Gls Ass  DP Inj Sus
------------------------------------------------------------------------------------------------------------
V_McCarron    28 ire 26  2  2  2 46 376 731 731 731   3   0  286   1  30   4   0   0   0   0   0   0   0   0
Paddy_G       23 ire 21  1  1  1 18 889 569 569 569   0   0    0   0   0   0   0   0   0   0   0   0   0   0
S_Gap         28 nzl 21  2  2  2 15 158 230 230 230   0   0    0   0   0   0   0   0   0   0   0   0   0   0
TJ_Galiardi   24 ita  2 23  5 13 14 311 676 499 789   2   0  159   0   0   0   3   1   2   0   0   3   3   0
O_Germani     23 ita  1 22  7 11 21 693 730 960 697   3   0  286   0   0   0   6   0   2   0   0   0   0   0
W_Clyburn     23 ire  1 22 13 10 14 405  33 692 536   2   0  193   0   0   0   4   1   0   0   0   0   0   0
O_Kellman     25 aus  2 22 10  4 11 318 202 679 882   1   0   93   0   0   0   2   2   0   0   0   0   0   0
P_Genisi      22 cam  2 21 14  4 38  50 385 258 258   3   0  286   0   0   0   4   3   2   0   0   0   0   0
R_Demar       26 spa  2 21  8 12 29 318 325 571 397   0   0    0   0   0   0   0   0   0   0   0   0   0   0
L_Reventon    28 uru  2 21  4 10 55 468 589 629 408   1   1    2   0   0   0   0   0   0   0   0  10   0   0
W_Kelter      25 bel  1 14 23 13 25 933 798 710 729   3   0  286   0   0   0   1   4   3   0   0   3   0   0
I_Degenstein  24 hol  1  9 22 18 20 927 126 659 754   3   0  286   0   0   0   0   2   6   1   0   0   0   0
L_Lathery     22 ire  1 20 21  3 13 567 208 584 886   3   0  286   0   0   0   2   6   2   1   0   0   0   0
S_Aldorino    26 ita  2 13 21  5 11 361 935 529 924   2   0  191   0   0   0   0   6   0   0   1   0   0   0
M_Matchell    27 eng  2 14 21  4 11 347 625 482 470   0   0    0   0   0   0   0   0   0   0   0   0   0   0
R_Lashlee     26 nir  2 14 20 11 20 286 211 622 386   0   0    0   0   0   0   0   0   0   0   0   0   0   0
V_Molotov     25 rus  2  6 12 24 22 103 592 137 523   3   0  286   0   0   0   1   4  10   0   0   0   0   0
Kelly_Fox     22 can  1 20 10 21 37 621 911 287 977   3   0  286   0   0   0   4   4   5   1   0   0   0   0
L_Bearfield   26 can  2 10  5 21 17  15 461 960 871   2   0  193   0   0   0   0   0   1   0   0   0   0   0
R_Smacker     29 swe  2  9 14 20 51 650 163 798 146   0   0    0   0   0   0   0   0   0   0   0   0   0   0
