Name         Age Nat St Tk Ps Sh Ag KAb TAb PAb SAb Gam Sub  Min Mom Sav Con Ktk Kps Sht Gls Ass  DP Inj Sus
------------------------------------------------------------------------------------------------------------
J_Beadlehands 18 eng 16  1  1  1 12 312 446 446 446   0   0    0   0   0   0   0   0   0   0   0   0   0   0
AJ_Miniflex   17 eng 15  1  1  1 12 642 446 446 446   0   0    0   0   0   0   0   0   0   0   0   0   0   0
Sid_Slider    19 eng  1 17  5 10 21 446 495 808 405   0   0    0   0   0   0   0   0   0   0   0   0   0   0
J_Beresford   19 eng  1 17  8 11 31 662 441 669 932   0   0    0   0   0   0   0   0   0   0   0   0   0   0
AJ_Viking     18 ger  1 17  9 10 43 446  71 128 646   0   0    0   0   0   0   0   0   0   0   0   0   0   0
Tico          18 bra  1 17 14  6 37 516  67 796  49   0   0    0   0   0   0   0   0   0   0   0   0   0   0
R_Gemmecke    19 ger  1 16  8  4 10 644  12 620 231   0   0    0   0   0   0   0   0   0   0   0   0   0   0
Hugo_Subio    18 mex  1 15  3  5 11 446 494 732 280   0   0    0   0   0   0   0   0   0   0   0   0   0   0
Cyril_Speed   19 wal  1  6 17  3 11 446 615 936 124   0   0    0   0   0   0   0   0   0   0   0   0   0   0
Campbundo     19 bra  1 13 17 11  8 554 196 534 608   0   0    0   0   0   0   0   0   0   0   0   0   0   0
AJ_Primrose   17 eng  1  4 16  7 31 446 915 907 515   0   0    0   0   0   0   0   0   0   0   0   0   0   0
Kiko_Pogona   18 aus  1  6 15 14 22 554 334 639 798   0   0    0   0   0   0   0   0   0   0   0   0   0   0
Al_Endinov    19 rus  1  6 15 12 41 662 175 566 849   0   0    0   0   0   0   0   0   0   0   0   0   0   0
D_Dublin      17 eng  1 12  3 15 21 446 497 110 523   0   0    0   0   0   0   0   0   0   0   0   0   0   0
Gino_Reservio 18 ita  1  5  5 14 34 446 335 685 347   0   0    0   0   0   0   0   0   0   0   0   0   0   0
