Name         Age Nat St Tk Ps Sh Ag KAb TAb PAb SAb Gam Sub  Min Mom Sav Con Ktk Kps Sht Gls Ass  DP Inj Sus
------------------------------------------------------------------------------------------------------------
H_Sakai       24 jap 24  1  1  1 39 440 620 620 620   4   0  384   0  23  14   0   0   0   0   0   3   0   0
N_Toshiaki    22 jap 20  2  2  2 19 297 257 257 257   0   0    0   0   0   0   0   0   0   0   0   0   0   0
H_Kashibashi  22 jap  2 24 17  8 17  71 450 412 370   4   0  384   0   0   0   6   2   4   0   0   0   0   0
T_Hamaguchi   21 jap  1 23 16  9 12 908 442 868 776   4   0  384   0   0   0   6   3   4   0   0   0   0   0
K_Wakashu     22 jap  2 23 14 11 22  25 127 492 708   4   0  384   1   0   0   6   1   5   2   0   3   0   0
Y_Yeargain    30 cam  2 21 11  5  8 907  18 497 751   1   1   24   0   0   0   0   0   0   0   0   0   0   0
S_Hirasawa    20 jap  2 19 13  9 69 143 738 760 257   0   0    0   0   0   0   0   0   0   0   0   0   0   0
H_Tsujimoto   27 jap  1 10 25  2  8 476 773 621 550   4   0  384   0   0   0   2  10   1   0   0   0   0   0
S_Yoshihiro   23 jap  2 12 24 16 26  97 952  10 500   4   0  384   0   0   0   2  13   9   0   2   3   0   0
Y_Kazuyuki    21 jap  2  7 23 20 56 267 958 315 496   3   0  256   0   0   0   0   8   8   1   0  16   0   0
S_Kubozuka    23 jap  2 10 22 14 14 185 278 187 184   4   0  357   1   0   0   1   4   6   1   0   0   0   0
Y_Yoshizawa   21 jap  2 21 22  6 17 125 320 423  10   4   0  384   0   0   0   5   2   1   0   1   0   0   0
B_Merryfield  28 jam  2  7 20 12 35 656 642 536 843   0   0    0   0   0   0   0   0   0   0   0   0   0   0
K_Asanuma     20 jap  1 10 19  4 13 692 940 361 197   1   0   98   0   0   0   1   1   0   0   0   0   0   0
H_Nowosatka   20 jap  1  5 19 13 11 692 641 279 137   1   1   27   0   0   0   0   0   1   0   0   0   0   0
I_Saito       20 jap  1  7 17 12 15 908 719 691  88   0   0    0   0   0   0   0   0   0   0   0   0   0   0
S_Fujisaki    23 jap  1  5 16 26 24 620 884 878 181   4   0  384   0   0   0   0   6  14   3   1   0   0   0
T_Matsumoto   23 jap  2  6 22 24 44 331 184 256  75   4   0  360   0   0   0   1   7  13   1   1   0   0   0
R_Van_Persie  29 HOL  2  2 10 23 27 174 904 608 439   0   0    0   0   0   0   0   0   0   0   0   0   0   0
D_Suker       28 cro  2 10  7 21 47 302 632 419  68   0   0    0   0   0   0   0   0   0   0   0   0   0   0
I_Deitrich    23 fra  2 12  5 20 28  17  81  38 287   0   0    0   0   0   0   0   0   0   0   0   0   0   0
