Name         Age Nat St Tk Ps Sh Ag KAb TAb PAb SAb Gam Sub  Min Mom Sav Con Ktk Kps Sht Gls Ass  DP Inj Sus
------------------------------------------------------------------------------------------------------------
O_Baumann     22 ger 21  2  2  2 14 725  47  47  47  10   0  954   0  32  13   0   0   0   0   0   3   0   0
Y_Pelis       23 fra 19  1  1  1 11 660 768 768 768   0   0    0   0   0   0   0   0   0   0   0   0   0   0
I_Guenzler    20 arg 18  1  1  1 42 732 558 558 558   0   0    0   0   0   0   0   0   0   0   0   0   0   0
A_Mattinson   25 eng  2 24  9  9 13  63 170   5 389  10   0  954   1   0   0  11   8   6   1   1   0   0   0
P_Seidlitz    24 can  2 23 12  7 10  99   9 926 753  10   0  954   0   0   0   9   5   5   2   1   0   0   0
V_Darmanin    31 swe  3 22  6 13  9  10 954 372 418   1   2   84   0   0   0   1   0   1   0   0   0   0   0
F_Schromm     22 ger  1 22 11 19  8 780 490 428 734  10   0  954   1   0   0  10   2  17   5   0   3   0   0
P_Kercheval   24 can  1 22  6 12 46 900 973 918 115   9   0  857   0   0   0   7   3   6   0   0   0   0   0
N_Schuemann   20 ger  1 19  5 16 36 930 474 527 738   0   0    0   0   0   0   0   0   0   0   0   0   0   0
G_Kendrick    22 sco  2  5 23 17 26  45 199 102 460   9   0  806   0   0   0   2  11   7   1   2   0   1   0
F_Scinto      22 arg  1 13 23 21 37 660 515 191 454  10   0  954   2   0   0   4  26  12   1   2   3   0   0
J_Warte       23 ire  1 11 22 15 10 846 838 394  98   7   0  647   0   0   0   1   9   8   0   2   0   0   0
D_Seeck       24 fra  2 10 22  5 33 411 981 398 269   8   0  707   0   0   0   0  13   2   0   0  13   0   0
K_Beaty       23 eng  2 12 21  9 15 171 676 694 331   5   1  335   0   0   0   2   8   2   0   0   0   0   0
P_Genth       23 nig  1  4 21 17 12 858 988  60 472   4   2  262   0   0   0   0   7   6   1   0   0   0   0
Q_Sura        20 gha  1 11 19  6 64 710 303 799 552   0   0    0   0   0   0   0   0   0   0   0   0   0   0
T_Webster     20 eng  1 10 19 17 50 768  17 329 912   3   3   71   0   0   0   0   0   0   0   0   0   0   0
V_Oladipo     27 gha  1  9  9 24 30 534 864 824 668  10   0  954   1   0   0   2   5  25   3   1   0   0   0
A_Pato        31 BRA  2 15  7 23 17 702 630 387 421   9   4  522   1   0   0   2   0   8   2   0   0   0   0
L_Pelech      26 spa  2  8 10 21 10 496 283 500 702   0   0    0   0   0   0   0   0   0   0   0   0   0   0
V_Duzant      20 fra  1  5  7 19 13 678 563 170 929   0   0    0   0   0   0   0   0   0   0   0   0   0   0
