Name         Age Nat St Tk Ps Sh Ag KAb TAb PAb SAb Gam Sub  Min Mom Sav Con Ktk Kps Sht Gls Ass  DP Inj Sus
------------------------------------------------------------------------------------------------------------
U_Rydall      19 sco 17  1  1  1 30 566 516 516 516   3   0  282   0  11   6   0   0   0   0   0   0   0   0
P_Ewel        19 gha  1 16  7  4 34 612 776 751  66   3   0  282   0   0   0   4   4   0   0   0   3   0   0
A_Butterworth 19 eng  1 16  3  8 27 432 761 306 567   3   0  282   1   0   0   9   0   3   0   0   0   0   0
X_Oxer        19 sco  1 16  5  7 10 462 625  32 458   0   0    0   0   0   0   0   0   0   0   0   0   0   0
Y_Kishigami   17 jap  1 16 12  8 19 318 944 791 271   3   0  282   0   0   0   5   1   1   1   0   3   0   0
E_Junot       17 swi  1 16  6  8 42 318  48 418 730   3   0  282   0   0   0   4   3   3   0   0   0   0   0
K_Utlag       19 gha  1 15  7  2 37 528 603 877 414   0   0    0   0   0   0   0   0   0   0   0   0   0   0
Y_Sanchez     19 mex  1 15  5  7 26 432 553 136 900   0   0    0   0   0   0   0   0   0   0   0   0   0   0
H_Rupprecht   18 ger  1 14  2  3 53 318 559 323 392   0   0    0   0   0   0   0   0   0   0   0   0   0   0
D_Pye         16 eng  1 13  4  2  8 318 429 714 485   0   0    0   0   0   0   0   0   0   0   0   0   0   0
O_Pryor       19 usa  1  4 17  3 32 432 550 346 989   3   0  282   0   0   0   0   3   0   0   0   0   0   0
H_Croxford    19 ENG  1  4 17 10 11 522 376 127 576   3   0  282   0   0   0   0   5   0   0   2   0   0   0
Amanzho       18 bra  1  3 16  5 43 432 312 719 500   3   0  282   0   0   0   0   3   2   2   0   0   0   0
E_Wycherley   18 usa  1  3 16  4 12 318 206 697 286   3   0  250   0   0   0   0   4   0   0   0   0   0   0
N_Butchart    16 xxx  1  4 14  1 25 318 816 338 643   0   0    0   0   0   0   0   0   0   0   0   0   0   0
N_Stutheit    18 swe  1  4  4 16 25 318 210 310 551   3   0  282   0   0   0   0   1   7   0   0   0   0   0
U_Puff        18 usa  1  8  3 15 48 432 404 811 507   2   2  119   0   0   0   0   0   1   0   0   0   0   0
S_Lundegard   18 swe  1  4  9 15 41 522 484 616 549   3   0  195   0   0   0   0   0   4   0   0   0   2   0
