Name         Age Nat St Tk Ps Sh Ag KAb TAb PAb SAb Gam Sub  Min Mom Sav Con Ktk Kps Sht Gls Ass  DP Inj Sus
------------------------------------------------------------------------------------------------------------
F_Jurgensen   19 den 20  1  1  1 11 986 776 776 776   6   0  528   0  19   1   0   0   0   0   0   0   0   0
E_Murley      18 xxx 16  1  1  1  8 680 380 380 380   5   1  395   0  18   5   0   0   0   0   0   0   0   0
K_Murrant     19 sco  1 19 13  6 11 787 995 896 448  10   0  983   5   0   0  24  11   4   0   1   3   0   0
R_Cyriax      19 usa  1 18  8 12 49 668 524 329 116   9   0  847   1   0   0  11   5   8   0   1  10   0   0
N_Cussen      18 nir  1 17 11  6 17 668 459 274 119  10   0  982   0   0   0  12  10   3   1   0   3   0   0
N_Burdzinski  18 xxx  1 17  7  6 34 380 103 733 839   7   1  537   0   0   0   5   4   2   0   0   3   0   0
B_Yow         17 xxx  1 16  6  5  8 372 393 707 919  11   0 1040   0   0   0   5   1   4   0   0   0   0   0
T_Vonhoff     18 hol  1 16  5  4  9 524  74 784 409   0   0    0   0   0   0   0   0   0   0   0   0   0   0
M_Fugl        19 bel  1 15  5  6 25 526 851 146 796   1   1   60   0   2   1   0   0   0   0   0   0   0   0
X_Cumbee      17 xxx  1 15  3  2 19 380 723 719 660   0   0    0   0   0   0   0   0   0   0   0   0   0   0
M_Crownhart   18 xxx  1 15 11  3 56 380 719 388 711   1   0   10   0   0   0   0   0   0   0   0  10   0   0
G_Durridge    18 xxx  1 15  4  4 30 380  10 901 438   0   0    0   0   0   0   0   0   0   0   0   0   0   0
B_Sturtz      17 ger  1 14  7  3 20 524 991 266 540   0   0    0   0   0   0   0   0   0   0   0   0   0   0
V_Twist       16 xxx  1 14  1 10 12 380 786 435 670   0   0    0   0   0   0   0   0   0   0   0   0   0   0
A_Wye         17 xxx  1 14  8  5 14 380 905 824 413   0   0    0   0   0   0   0   0   0   0   0   0   0   0
Y_Dunshee     19 sco  1 12 19  3 37 650 192 384  44  10   0  859   0   0   0   3  13   2   0   2   0   0   0
J_Withey      18 eng  1  2 19  9 30 632 891 215 244  10   0  983   1   0   0   1  22  20   2   1   9   0   0
Y_Guilkey     19 usa  1  4 18 13 24 668 920 733 718  10   0  959   1   0   0   2  12  16   3   0   0   0   0
U_Zwaanstra   18 zim  1  3 17 12 17 668 751 917 112  10   0  983   0   0   0   2  18   9   1   3   0   0   0
A_Dusome      18 fra  1  6 15  3 28 668 200 476 692   1   1   88   0   0   0   0   0   0   0   0   0   0   0
X_Burt        18 usa  1  4 14 11 45 524 182 848 999   2   2   59   0   0   0   0   0   1   0   0   0   0   0
X_Exposito    19 por  1  5  8 18 15 812 347 207 838  10   0  983   0   0   0   1   5  29   4   0   3   0   0
X_Vough       19 sco  1  4  7 17 54 812 352 520 307   7   2  448   0   0   0   1   4  14   2   2   3   0   0
A_Guillen     18 xxx  1  3  4 16  9 380 845 218  93   5   4  190   0   0   0   0   0   5   2   0   0   0   0
