Name         Age Nat St Tk Ps Sh Ag KAb TAb PAb SAb Gam Sub  Min Mom Sav Con Ktk Kps Sht Gls Ass  DP Inj Sus
------------------------------------------------------------------------------------------------------------
D_Kiely       18 ire 16  1  1  1 23  79 576 576 576   7   0  668   0  48  15   0   0   0   0   0   0   0   0
T_Rumans      19 nir 16  1  1  1  8  41 558 558 558   1   0   96   0   7   2   0   0   0   0   0   0   0   0
X_Gushue      19 ivo  1 17  7  3 11 558 381 810 502   8   0  764   0   0   0  12   2   2   0   0   0   0   0
C_Mull        17 xxx  1 15  8  2 12 342 768 652 580   8   0  713   0   0   0  16   4   2   1   0   0   0   0
N_Wormald     18 eng  1 15  2  9  8 450  64 955 832   2   2   91   0   0   0   1   1   2   1   0   0   0   0
K_Huitt       18 xxx  1 15  8 10  9 342  19 384 537   0   0    0   0   0   0   0   0   0   0   0   0   0   0
F_Czuprynski  17 ukr  1 14 10  4 50 450 826 811 346   8   0  764   0   0   0   7   8   8   0   1   9   0   0
Q_Sura        19 gha  1 10 18  5 64 590  19 372 848   7   0  667   0   0   0   2  15   5   0   2  12   0   0
T_Webster     19 eng  1  9 18 16 50 648 330  20 600   8   0  611   0   0   0   2   5  16   3   1   0   0   0
V_Swabenthal  19 saf  1 14 17  4  8 450 798 867 132   8   3  515   0   0   0   2  12   4   1   2   0   0   0
A_Psencia     18 rom  1  4 16  4 13 450 510 869 823   3   3  114   0   0   0   0   3   1   0   0   0   0   0
Q_Hasenfelt   19 usa  1  4 16  8 46 648 123 452 345   0   0    0   0   0   0   0   0   0   0   0   0   0   0
A_Swartwood   17 xxx  1  5 15  3 12 342 527  43 375   4   0  385   1   0   0   0   9   1   0   2   0   0   0
Y_Swingley    18 xxx  1  9 14  2 11 342 712 540 426   0   0    0   0   0   0   0   0   0   0   0   0   0   0
X_Mullane     16 xxx  1  2 14  3 15 342 339 865 657   8   0  764   2   0   0   0  22   9   3   5   6   0   0
D_Kussmaul    17 tur  1  4 13  2 15 450 662 946 994   0   0    0   0   0   0   0   0   0   0   0   0   0   0
M_DeFree      19 fra  1 15  7 17 46 648 723 349 869   8   0  659   0   0   0   5   5  19   5   1   0   0   0
P_Tutwiler    18 wal  1  5  8 17  8 558 871 963 378   8   2  674   1   0   0   6   4  28   5   0   0   0   0
P_Nowinski    17 pol  1  5  8 16 17 450 125 100  34   7   0  420   0   0   0   0   0   9   1   0   0   0   0
X_Ruggeri     18 arg  1  7  4 15 11 558 846 542 940   5   5  249   0   0   0   1   0   3   1   0   3   0   0
F_Casumpang   19 jap  1  8  5 15 60 648  33 232  88   0   0    0   0   0   0   0   0   0   0   0   0   0   0
K_Cumpton     17 nir  1  6  7 14 16 450 358 734 666   0   0    0   0   0   0   0   0   0   0   0   0   0   0
K_Sully       18 xxx  1  8  1 14 39 342 700 781 783   0   0    0   0   0   0   0   0   0   0   0   0   0   0
