Name         Age Nat St Tk Ps Sh Ag KAb TAb PAb SAb Gam Sub  Min Mom Sav Con Ktk Kps Sht Gls Ass  DP Inj Sus
------------------------------------------------------------------------------------------------------------
N_Bunks       18 eng 17  1  1  1 46 447 426 426 426   0   0    0   0   0   0   0   0   0   0   0   0   0   0
T_Morita      18 jap 14  1  1  1 62 101 593 593 593   0   0    0   0   0   0   0   0   0   0   0   0   0   0
N_Kodama      18 jap  1 16  7  6  9 534 632 500 406   0   0    0   0   0   0   0   0   0   0   0   0   0   0
H_Guntly      18 sco  1 16 10  4 45 426 352 314 732   0   0    0   0   0   0   0   0   0   0   0   0   0   1
P_Nowakowski  19 pol  1 15  9 12 23 534 627  12  11   0   0    0   0   0   0   0   0   0   0   0   0   0   0
V_Gerhard     19 wal  1  6 17  8 13 642 884 755 540   0   0    0   0   0   0   0   0   0   0   0   0   0   0
H_Fuerst      18 hol  1  9 16  3 34 426 567 628 923   0   0    0   0   0   0   0   0   0   0   0   0   0   0
J_Mulkey      19 ire  1  2 15 10 51 426 917 553 427   0   0    0   0   0   0   0   0   0   0   0   0   0   0
U_Felzinger   19 ger  1  4 15  7 58 618 502 344 286   0   0    0   0   0   0   0   0   0   0   0   0   0   0
N_Currington  17 eng  1  9 15  3 52 426 411 329 901   0   0    0   0   0   0   0   0   0   0   0   0   0   0
S_Hynes       19 eng  1 16  8 17 15 426  46 825 476   0   0    0   0   0   0   0   0   0   0   0   0   0   0
U_Croyle      17 sco  1 11  3 15  9 426 615 293 555   0   0    0   0   0   0   0   0   0   0   0   0   0   0
X_Dwy         17 chi  1  4  7 15 30 426 768 679 495   0   0    0   0   0   0   0   0   0   0   0   0   0   0
