Name         Age Nat St Tk Ps Sh Ag KAb TAb PAb SAb Gam Sub  Min Mom Sav Con Ktk Kps Sht Gls Ass  DP Inj Sus Fit  Wages
-----------------------------------------------------------------------------------------------------------------------
P_Shilton     32 eng 29  6  5  3 18 250 300 300 300   2   0  188   0  16   1   0   0   0   0   0   0   0   0 100  88744
P_Out         26 sco 12  5  4  7 14 257 330 344 344   0   0    0   0   0   0   0   0   0   0   0   0   0   0 100   8891
T_Roberts     24 eng  2 24 11  9 27 300 148 225 447  12   2  895   2   0   0  23   6  13   2   0  16   0   1 100  59512
M_Demichelis  27 arg  2 23  8  7 18 300 640 380 318  11   2  835   0   0   0  17   8   6   0   0   0   0   0 100  48677
J_Stam        22 hol  2 23  7  6 29 300 458 940 800  10   1  786   0   0   0  16   6   7   1   0   4   0   0  95  47392
P_Zabaleta    30 arg  2 22  4  1 27 600 840 620 606   9   2  701   0   0   0  10   2   2   0   0   0   0   0 100  39453
B_Sagna       24 fra  2 21 10  7 18 300 480 360 311   8   3  572   0   0   0   9   6   3   0   0   0   0   0 100  40521
G_Clichy      24 fra  1 21  9  8 42 600 698 638 588   8   5  438   0   0   0   4   6   2   0   0   2   0   0 100  39691
A_Ross        30 sco  1  3 26  2 36 300 505 611 547  13   2  953   1   0   0   1  39   4   0   4   2   0   0  98  62993
Jinky         28 sco  3  7 25  7 41 800 952 189 874  14   3 1074   0   0   0   2  25   7   0   1  14   0   0 100  59063
T_Kunert      34 ger  1  7 24  2 21 300 162 374 435  11   1  929   0   0   0   5  17   2   0   0   2   0   0  98  52646
Fernandinho   31 bra  4  7 23  9 25 300 278 528 293  13   5  889   0   0   0   1  27   8   1   0   2   0   0  98  49843
S_Nasri       28 fra  2  7 23  8 26 600 758 878 745  13   4  914   0   0   0   5  22  17   2   0   2   0   0  95  48677
P_Hartley     34 sco  3  7 23  8 34 500 907 213 375  10   1  760   0   0   0   2  16   3   0   1   2   0   0 100  48677
P_Jeremie     32 fin  1  1 22  1 32 300 521 304 569   8   4  538   0   0   0   0  22   1   0   3   2   0   0 100  38536
Nathan_Dyer   20 eng  2  6 10 24 31 500 629 382 338  14   0 1122   1   0   0   1   5  51   4   0   0   0   0  98  56769
R_Palazuelos  34 rom  2  5 11 23 26 300 879 319  79   4   2  251   0   0   0   0   1   7   1   0   2   0   0 100  51841

R_Wright      30 eng 25  2  2  2 23  41 800 800 800   9   0  860   1  82  21   0   0   0   0   0   0   0   0 100
E_J_Johansen  23 nor 22  6  6  6 35 600 600 600 600   0   0    0   0   0   0   0   0   0   0   0   0   0   0 100
Dodo          21 bra  3 22  4  6 33 800 161 760 783  13   0 1120   0   0   0  21   2  11   0   0   0   0   0  96
M_Richards    25 eng  2 21  9  5 29 800 960 845 828   8   7  295   0   0   0   8   3   5   1   1   0   0   0 100
A_Kolarov     23 ser  2 21  8  6 38 600 620 620 621   2   2   65   0   0   0   0   0   1   0   0   0   0   0 100
M_Nastasic    18 ser  1 21  2  2 45 500 996 526 538  11   0  953   0   0   0  24   1   6   0   0   4   0   0 100
D_Boyata      22 bel  2 20  5 10 22 600 640 600 600   1   1   32   0   0   0   0   0   0   0   0   0   0   0 100
Luke_Shaw     17 eng  3 20  7  6 23 700 561 790 756  14   1 1165   0   0   0  25   7  12   0   0   0   0   0  95
Doria         17 bra  3 20  6  4 32 400 758 483 440  12   0 1018   0   0   0  17   5   6   0   1   2   0   0 100
M_Bossaerts   22 bel  2 19  6  6 16 800 820 800 800   1   1   32   0   0   0   1   0   0   0   0   0   0   0 100
E_Huws        21 wal  2  6 22 16 38 800 836  72 922  11   1  850   0   0   0   2  23  25   3   3   4   0   0 100
J_Milner      26 eng  3  7 22  6 29 600 620 805 669   9   4  576   0   0   0   1  19  10   1   1   0   0   0  96
D_Silva       26 spa  2  5 22  7 19 300 338 463 296   6   1  482   0   0   0   3  17   6   0   1   2   0   0  96
S_Bytyqi      24 aut  2  7 20  8 16 300 298 513 337   7   1  570   0   0   0   0  17   8   1   3   2   0   0  96
A_Drury       21 eng  2  5 20  8 19 800 836 951 857   7   1  605   0   0   0   1  12  13   0   1   4   0   0 100
J_Ntcham      20 fra  3  7 19  6 29 600 598 743 671   5   1  412   0   0   0   0  13   8   3   1   2   0   0 100
A_Negredo     23 spa  1  1  9 22 26 600 610 645 761   6   0  386   1   0   0   1   4  28   5   1  10   0   0  96
J_Guidetti    23 swe  2  5 11 21 20 400 420 450 727   8   0  707   2   0   0   2   7  42   7   0   0   0   0  99
J_Pozo        25 spa  2  8  6 20 40 600 620 645 766   7   2  577   1   0   0   1   3  38   4   1   0   0   0  93
Seyfo_Soley   21 ven  1  8 11 16 40 300  38 731 765   2   0  192   0   0   0   0   6   6   0   0   4   0   0  96