Name         Age Nat St Tk Ps Sh Ag KAb TAb PAb SAb Gam Sub  Min Mom Sav Con Ktk Kps Sht Gls Ass  DP Inj Sus Fit  Wages
-----------------------------------------------------------------------------------------------------------------------
T_Snelders    29 hol 29  2  3  4 16 785 300 300 300  18   0 1711   0 149  27   0   0   0   0   0   0   0   0 100  98383
E_Mulder      27 hol 20  4  1  4 17 453 300 300 300   0   0    0   0   0   0   0   0   0   0   0   0   0   0 100  34092
M_Abel        35 ger  1 26  3  3 32 300 515 887 363  17   0 1596   0   0   0  33   3   4   0   0   2   0   0  86  71285
T_Derijck     33 mex  2 24 13  2 29 300  50 669 963  13   0 1214   0   0   0  18  12   4   0   1   4   0   0 100  68311
P_Chimbonda   35 nig  3 24  9  7 29 400 506 444 295  14   0 1307   0   0   0  26  11  13   0   0   4   0   0  90  63142
K_Abrha       28 isr  1 24  8  6 33 300 214 972 752  14   0 1316   0   0   0  16   4  14   0   0   0   0   0  89  61459
C_Cox         33 eng  2 22 10  7 26 300 811 321 666  14   6  904   0   0   0  22   6   7   0   0   0   0   0 100  51630
F_Da_Silva    30 arg  1 22  8  4 28 300 877 134 550  14   6  978   0   0   0   9   7   3   0   1   6   0   0  94  48168
D_Platt       32 eng  1  3 24 10 25 300 862 812 483  17   0 1436   1   0   0   0  30  14   1   3  12   0   0  90  63457
E_Manson      29 fin  1  9 24  8 24 300 564 888 981  16   0 1410   0   0   0   3  32  19   2   1   2   0   0  98  63547
J_Hernandez   24 ita  1  7 23 18 26 300 469  11 758   9   0  837   1   0   0   2  31  14   1   4   2   0   0 100  74516
I_Koybasi     32 rus  2 12 23  7 31 300 485 572 168  14   0 1282   0   0   0   9  30   9   0   3   6   0   0 100  61214
K_Benzema     33 hol  2  8 23  5 17 700 629 479 638   7   1  595   0   0   0   4   6   0   0   0   2   0   0 100  54530
D_Pantilimon  32 den  1  3 23  8 31 300 807 314 291   9   0  800   2   0   0   0  23  11   2   5   2   0   0  96  54146
G_Boyd        31 ita  2  2 23  8 21 300 493 793 992   6   3  351   0   0   0   0  10   1   0   0   0   0   0 100  54026
D_Rommedahl   30 hol  2  5  9 25 27 400 935 431 545  17   0 1475   1   0   0   6   8  54   8   0   2   0   0 100  69750
J_MacBright   31 sco  1  6  7 24 32 295 835 388 202  16   7  881   0   0   0   1   5  22   2   0  12   0   0  98  60271
S_Corchia     24 fra  1  5  5 24 45 300 424 488 631  15   6  899   1   0   0   2   1  28   4   0  12   0   0 100  57802

P_Kenny       19 eng 23  2  2  1 20  16 300 300 300   9   0  811   0  51  14   0   0   0   0   0   0   2   0 100
O_Neuer       33 ger 18  4  2  4 11 885 350 300 322   3   1  238   0  14   7   0   0   0   0   0   0   0   0 100
J_Menez       21 ita 15  2  1  2 20 440 300 300 300   0   0    0   0   0   0   0   0   0   0   0   0   0   0 100
J_Heitinga    24 hol  1 21  9  7 31 300 608 425 193  11   5  597   0   0   0  13   7   6   1   1  10   0   0 100
Jr_Maldine    33 ita  2 20 11  5 36 300 249 563 431   7   0  667   0   0   0   7   6   7   1   0   4   0   0  94
R_Carlos      19 bra  3 20  9  5 11 300 465 980 798   7   0  622   0   0   0   5   5   2   0   0   0   0   0  94
T_Hoban       20 ire  2 20  6  7 23 300 880 577 654  10   0  812   0   0   0  13   4  19   1   1   0   0   0 100
Q_Ogbuke      27 eng  2 19 14  7 35 300 429 611 134   7   2  519   0   0   0   8   9   2   0   0  10   0   0  96
K_Dover       21 eng  1 19  5  8 26 300 932 683 233   8   3  567   0   0   0   7   5   9   0   1   0   0   0  96
Josetxo       34 spa  2 18  3  3 28 185 762 663 556   4   0  382   0   0   0   4   3   3   0   1   2   0   0 100
Cabaye        23 spa  1  7 21 10 23 300 767 719 653  11   4  719   0   0   0   1  26  11   2   1   2   0   0  94
D_De_Rossi    18 ita  2 13 19  5 32 300 456 165 338   7   0  670   0   0   0   7  22   3   0   4   4   0   0  96
S_Pitts       29 eng  1  8 19 12 35 300   2 252  21   5   0  479   0   0   0   1  15  10   2   2   0   0   0  94
R_Mears       31 eng  1  2 18  6 24 300 876 749 116   7   0  670   0   0   0   0   7   8   1   0   0   0   0  95
F_Silva       25 chi  2 11 17  8 28 300 265 280 479   5   0  476   0   0   0   2  17   7   0   2   2   0   0 100
G_Le_Kordeur  31 fra  1  4  3 21 35 300 658 711 579  11   4  745   2   0   0   1   2  36   7   0   0   0   0  94
M_Fernandes   19 chi  2  6  8 20 41 300 419 707 771   7   0  653   1   0   0   2   2  36   6   1   4   0   0  94
D_Gebhart     32 bel  1  4  7 19 36 300 792 276 884   6   2  318   0   0   0   0   1   8   1   0   0   0   0 100
A_Cassano     29 ita  1  1 10 18 21 300 179 311 946   4   0  382   2   0   0   0   4  23   5   1   2   0   0 100