Name         Age Nat St Tk Ps Sh Ag KAb TAb PAb SAb Gam Sub  Min Mom Sav Con Ktk Kps Sht Gls Ass  DP Inj Sus
------------------------------------------------------------------------------------------------------------
J_Borman      25 hol 23  1  1  1 33 690 300 300 300   9   0  859   0  55  14   0   0   0   0   0   0   0   0
L_Hackley     23 por 18  1  1  1 19 826 300 300 300   0   0    0   0   0   0   0   0   0   0   0   0   0   0
H_Schad       31 HOL  5 24  5  4 14 390 642 827 628   4   0  387   0   0   0   6   2   0   0   0   0   0   0
N_Lemke       31 fra  1 23 16 16 33 480 311 932 111   9   0  859   1   0   0  10  14  15   1   2   2   0   0
D_Zamora      29 uru  1 23  7 12 30 300 116 404 763   9   0  859   1   0   0   9   0  12   2   0   2   0   0
G_Tariel      27 geo  8 22  5  3 18 300 169 747 541   5   0  479   0   0   0   7   3   2   0   1   0   0   0
B_Meetze      26 hol  1 20 14  5 28 390 563 522 644   4   0  338   0   0   0   6   3   2   0   0  10   0   0
J_Worgan      21 eng  1 19  3 11 54 300 295 171 888   5   0  474   0   0   0   7   2   6   1   0   2   0   0
E_Mail        25 wal  1 16  4  3 14 300 934 934 172   0   0    0   0   0   0   0   0   0   0   0   0   0   0
P_Almeida     31 por  1  4 25 10 16 300 559 699 738   9   0  859   2   0   0   0  30  14   2   4   4   0   0
K_Nixon       28 wal  1  1 25 14 37 300 451 859 157   9   0  859   1   0   0   0  27  23   5   1   6   0   0
O_Youssef     31 egy  1  1 24 11 27 420 758 929 701   4   0  385   0   0   0   0  11   2   1   1   2   0   0
J_Latal       26 cze  8 15 22 15 28 300 499 367 189   9   0  859   0   0   0   6  26   8   1   4   0   0   0
W_Worrells    23 aus  1 11 21  4 11 300 321 246 600   4   0  380   0   0   0   4  12   3   0   3   0   0   0
K_DeKrafft    21 hol  1  3 19  2 31 300 588 991 729   1   0   94   0   0   0   0   3   1   0   0   0   0   0
H_Kowalewski  23 ger  1  8 18  4  9 300  47 472 982   0   0    0   0   0   0   0   0   0   0   0   0   0   0
K_Di_Canio    24 ita  1  2 18  3 39 300 813 892 878   0   0    0   0   0   0   0   0   0   0   0   0   0   0
E_Bon         30 kor  2  3  6 28 49 300 583 215 175   5   0  479   1   0   0   0   1  34   5   0   0   0   0
D_Zamaras     29 gre  2  5  3 25 14 300  32 611 547   8   0  765   0   0   0   2   0  24   4   0   0   0   0
A_LaPorta     22 fra  1  2  4 21 45 300 605 774  82   5   0  474   0   0   0   1   2  16   2   0   0   0   0
