P_Niesen      23 den 22  1  1  1 17 300 300 300 300
L_Valdez      17 spa 17  1  1  1 20 300 300 300 300
I_Good        29 eng  4 25 19 16 16 300 300 300 300
A_Bonafine    27 ita  3 24 15 11 21 300 300 300 300
C_Salmon      21 sco  7 21 10  6 36 300 300 300 300
I_Voss        20 rsa  3 20  7  3 21 300 300 300 300
F_Bart        16 nig  7 16  9  6 19 300 300 300 300
G_Futcher     30 ger  3 21 25 18 33 300 300 300 300
B_Hansen      26 swe  6 13 24 12 42 300 300 300 300
P_Fullic      25 cro  6 11 23 12 30 300 300 300 300
B_Kime        22 hol  2  3 23 10 24 300 300 300 300
S_Rozowski    18 rus  8 11 17 14 33 300 300 300 300
F_Blanchard   28 fra  6 10 16 24 27 300 300 300 300
K_Bell        24 wal  1  2 12 23 27 300 300 300 300
C_Delorme     19 nzl  3  4  5 21 33 300 300 300 300