Name         Age Nat St Tk Ps Sh Ag KAb TAb PAb SAb Gam Sub  Min Mom Sav Con Ktk Kps Sht Gls Ass  DP Inj Sus
------------------------------------------------------------------------------------------------------------
C_Piehl       27 ger 24  1  1  1 19  28 300 340 340   7   0  669   1  39   8   0   0   0   0   0   0   0   0
F_Ankiewicz   26 rus 19  1  1  1 17 968 300 300 300   0   0    0   0   0   0   0   0   0   0   0   0   0   0
C_Caisey      23 por 16  1  1  1 19 936 300 300 300   0   0    0   0   0   0   0   0   0   0   0   0   0   0
M_Alaa_El_Din 30 egy  5 25 15  2 23 300 329  76 542   7   0  669   0   0   0  11   4   2   0   0   2   0   0
I_Hen_Lee     27 kor  2 24 17 12 11 300 380 266 264   7   0  669   0   0   0   6   3   6   0   0   0   0   0
S_Reed        33 NZL  3 24  8  4 21 390 801 740 687   7   0  669   2   0   0  15   5   3   0   1   0   0   0
A_Ghandour    32 egy  9 23 10  1 17 300 907 452 900   7   0  583   0   0   0   4   1   0   0   0   0   0   0
R_Ramzy       30 egy  6 22  7  4  5 300 473 970 621   0   0    0   0   0   0   0   0   0   0   0   0   0   0
C_Hetland     28 sco  5 22 15  1 11 300 381 646 986   7   2  350   0   0   0   2   0   1   1   0   0   0   0
W_Silva       27 uru  8 21 12  3 12 300 885 139 829   5   5  215   0   0   0   2   0   0   0   0   0   0   0
U_Labit       33 fra  1 12 23 13 34 300 548 236 186   4   0  296   0   0   0   0   3   3   0   0   0   1   0
D_Renn        32 fra  1  1 23  1 60 500 623 102 696   3   0  288   0   0   0   0   3   0   0   0   0   0   0
M_Pritchett   29 cam  1  6 23  5 35 300 848 891 541   7   0  412   0   0   0   0  12   0   0   1   2   0   0
V_Roche       30 den  1  6 22 15 36 300 497 299 882   7   0  669   0   0   0   1  10  13   0   0   0   0   0
H_Gobel       26 ger  3  4 22  7 29 300 431 765 387   7   6  395   0   0   0   4   9   3   0   0   0   0   0
U_Keough      31 sco  1  2 21 11 42 300 751 773  74   1   1   43   0   0   0   0   0   0   0   0   2   0   0
D_Ogunjobi    26 nig  4 13 21 15 34 300 711 820 562   7   0  669   1   0   0   4   7  10   2   1   6   0   0
G_Lonsdale    28 sco  1  7 14 25 58 300 281 297 477   7   0  669   0   0   0   1   3  20   4   0   6   0   0
D_Kolsch      31 cze  1  1 10 23 39 300 683 659 646   1   0   94   0   0   0   0   1   3   0   0   0   0   0
X_Burgan      22 ire  1  8  4 18 16 300 463 719 210   0   0    0   0   0   0   0   0   0   0   0   0   0   0
